3 3 22
90.0 45.0 30.0 135.0 90.0 45.0 179.8 135.0 89.8
90.5 45.2 29.8 135.2 90.3 44.9 180.3 135.2 89.7
90.3 44.9 29.6 134.8 90.1 45.2 180.4 135.1 90.0
89.9 45.0 30.3 135.0 89.9 45.1 180.0 135.0 90.0
90.0 45.0 30.0 135.0 90.0 45.0 180.3 135.2 89.7
90.0 45.0 30.0 135.0 90.0 45.0 180.0 135.0 90.0
90.5 45.2 29.8 135.0 90.0 45.0 180.0 135.0 90.0
90.0 45.0 30.0 135.0 90.0 45.0 180.0 135.0 90.0
90.0 45.0 30.0 135.0 90.0 45.0 180.0 135.0 90.0
90.5 45.2 29.8 135.0 90.0 45.0 180.4 135.1 90.0
90.0 45.0 30.0 135.0 90.0 45.0 180.0 135.0 90.0
90.0 45.0 30.0 135.0 90.0 45.0 180.0 135.0 90.0
90.5 45.2 29.8 135.0 90.0 45.0 179.8 135.0 89.8
90.5 45.2 29.8 135.0 90.0 45.0 179.8 135.0 89.8
90.0 45.0 30.0 135.0 90.0 45.0 180.0 135.0 90.0
90.0 45.0 30.0 135.0 90.0 45.0 180.0 135.0 90.0
90.0 45.0 30.0 135.0 90.0 45.0 180.0 135.0 90.0
90.0 45.0 30.0 135.0 90.0 45.0 180.0 135.0 90.0
90.3 44.9 29.6 134.8 90.1 45.2 180.4 135.1 90.0
89.9 45.0 30.3 134.8 90.1 45.2 180.3 135.2 89.7
90.3 44.9 29.6 134.8 90.1 45.2 180.4 135.1 90.0
89.9 45.0 30.3 134.8 90.1 45.2 180.3 135.2 89.7
